11 2833 787 1 1 20.883184
11 2725 805 1 2 20.883184
11 2754 816 2 1 20.883184
10 2863 731 2 2 18.085369
10 2784 734 1 2 18.085369
10 2930 762 1 2 18.085369
10 2676 766 1 2 18.085369
10 2849 772 1 1 18.085369
10 2794 777 1 2 18.085369
10 2835 778 1 1 18.085369
10 2843 785 1 2 18.085369
10 2715 797 1 2 18.085369
10 2850 799 1 2 18.085369
10 2802 801 1 1 18.085369
10 2789 814 1 1 18.085369
10 2735 815 2 1 18.085369
10 2716 815 2 2 18.085369
10 2750 817 1 2 18.085369
14 2450 710 3 4 54.256107
12 2214 803 2 2 34.630844
12 2390 748 2 2 31.324778
12 2096 798 2 2 30.142281
11 2390 746 2 2 26.960075
11 2408 691 2 2 24.113825
11 2234 736 1 1 20.883184
11 2393 742 1 1 20.883184
11 2274 762 1 1 20.883184
11 2221 807 1 2 20.883184
11 2333 816 1 1 20.883184
10 2427 680 1 1 18.085369
10 2329 706 1 1 18.085369
10 2243 713 2 2 18.085369
10 2295 714 1 1 18.085369
10 2271 719 1 1 18.085369
10 2216 721 1 2 18.085369
10 2261 723 1 1 18.085369
10 2419 725 2 1 18.085369
10 2320 726 1 2 18.085369
10 2363 733 1 1 18.085369
10 2317 735 2 1 18.085369
10 2330 736 2 2 18.085369
10 2416 758 2 2 18.085369
10 2326 769 1 2 18.085369
10 2367 776 2 1 18.085369
10 2243 777 1 1 18.085369
10 2360 785 2 1 18.085369
10 2351 785 1 1 18.085369
10 2388 785 1 2 18.085369
10 2276 786 1 1 18.085369
10 2291 791 2 1 18.085369
10 2349 796 1 2 18.085369
10 2296 798 1 1 18.085369
10 2405 799 1 2 18.085369
10 2269 812 1 1 18.085369
10 2360 813 1 1 18.085369
10 2349 817 1 1 18.085369
11 1713 818 2 1 22.556417
11 1905 771 1 1 20.883184
11 1849 774 1 1 20.883184
11 1830 790 2 2 20.883184
11 1855 810 2 1 20.883184
11 1890 810 1 2 20.883184
11 1832 813 2 1 20.883184
10 1930 742 2 1 18.085369
10 1941 770 2 2 18.085369
10 1939 778 1 1 18.085369
10 1894 778 2 2 18.085369
10 1877 779 2 1 18.085369
10 1850 783 1 2 18.085369
10 1789 784 2 2 18.085369
10 1799 792 2 2 18.085369
10 1842 801 1 2 18.085369
10 1901 802 1 2 18.085369
10 1722 804 1 2 18.085369
10 1811 807 1 1 18.085369
10 1859 810 1 2 18.085369
10 1826 778 2 1 18.085369
14 1501 913 3 4 59.678673
13 1317 1089 2 3 48.975410
13 1488 1099 3 3 46.696220
13 1138 1220 3 2 45.112835
11 1339 1104 1 2 20.883184
11 1320 1115 1 2 20.883184
11 1352 1128 2 2 20.883184
10 1313 1082 1 2 18.085369
10 1392 1089 1 1 18.085369
10 1277 1107 1 1 18.085369
10 1326 1109 2 1 18.085369
10 1325 1129 1 2 18.085369
10 1395 1131 2 2 18.085369
10 1326 1153 1 2 18.085369
10 1352 1160 2 2 18.085369
10 1336 1173 2 1 18.085369
10 1536 1178 2 2 18.085369
10 1423 1188 1 1 18.085369
10 1400 1196 2 1 18.085369
10 1322 1206 2 1 18.085369
10 1265 1212 1 2 18.085369
10 1373 1215 1 1 18.085369
10 1430 1215 1 1 18.085369
10 1487 1035 2 1 18.085369
10 1292 1222 1 1 18.085369
10 1366 1224 1 1 18.085369
14 1908 1145 3 4 52.899490
13 1781 1221 2 3 48.975410
13 1973 1102 2 3 48.602970
13 1694 894 2 3 46.696220
13 1785 937 2 3 46.305450
13 1791 837 2 3 45.112835
12 2037 1075 2 2 31.899591
11 1887 1095 2 2 25.576574
11 1746 1176 1 2 23.348110
11 1690 1178 1 1 23.348110
11 1815 1037 2 1 20.883184
11 1983 1210 1 2 20.883184
10 1778 1089 1 2 18.085369
10 1887 1111 1 1 18.085369
10 1862 1173 2 1 18.085369
10 1895 1178 2 1 18.085369
10 1839 1178 2 1 18.085369
10 1807 1196 1 2 18.085369
10 1820 1198 2 2 18.085369
10 1900 1204 1 1 18.085369
10 1874 1204 1 1 18.085369
10 1875 1205 1 1 18.085369
10 1826 1209 2 2 18.085369
10 1728 1220 2 1 18.085369
13 2091 1155 2 3 48.975410
13 2462 905 3 3 43.051788
13 2386 925 2 3 43.051788
13 2410 846 2 2 41.329014
13 2496 1015 2 2 40.886978
12 2259 1132 2 2 31.324778
11 2266 1033 2 1 23.348110
11 2273 1202 1 1 23.348110
11 2321 1107 2 2 20.883184
11 2446 1112 1 2 20.883184
11 2277 1069 2 2 20.883184
11 2327 1135 1 1 20.883184
11 2552 1158 1 2 20.883184
11 2430 1205 1 1 20.883184
10 2306 1104 2 1 18.085369
10 2225 1127 2 1 18.085369
10 2364 1146 1 2 18.085369
10 2362 1153 2 2 18.085369
10 2278 869 2 1 18.085369
10 2212 903 2 1 18.085369
10 2303 1162 1 2 18.085369
10 2372 1165 1 2 18.085369
10 2417 1167 1 1 18.085369
10 2247 1170 1 1 18.085369
10 2298 1179 1 2 18.085369
10 2409 1188 2 2 18.085369
10 2416 1190 2 1 18.085369
10 2283 1190 1 1 18.085369
10 2250 1201 2 1 18.085369
10 2320 1012 1 1 18.085369
10 2395 1084 1 1 18.085369
10 2282 1215 1 1 18.085369
10 2320 1216 1 1 18.085369
16 3027 1196 4 4 78.137726
14 2777 1077 3 4 57.822922
14 3012 1175 3 3 56.229698
14 3008 1179 2 3 50.796677
13 2824 1031 2 3 45.112835
13 2759 1164 2 3 44.299927
12 2598 1063 2 3 35.664829
12 2923 1105 2 2 35.664829
12 2963 942 2 2 31.899591
11 2614 881 2 2 25.576574
11 2867 1098 2 2 25.576574
11 2677 1028 1 1 24.855963
11 2674 1166 2 2 24.113825
11 3028 1174 1 2 23.348110
11 2896 1186 2 2 23.348110
11 2844 1169 1 1 20.883184
11 2805 1211 1 2 20.883184
11 2812 1111 2 1 20.883184
11 2801 1145 1 2 20.883184
10 2822 1054 2 1 18.085369
10 2820 1060 2 1 18.085369
10 2888 1132 2 1 18.085369
10 2941 1130 2 2 18.085369
10 2820 1112 2 1 18.085369
10 2795 1093 1 2 18.085369
10 2790 1092 1 2 18.085369
10 2805 1199 2 1 18.085369
10 2834 1200 2 2 18.085369
10 2755 1204 2 2 18.085369
10 2827 1210 2 1 18.085369
10 2829 1173 2 1 18.085369
10 2732 1214 1 2 18.085369
10 2757 1216 2 2 18.085369
10 2859 1217 2 1 18.085369
10 2783 1217 1 2 18.085369
10 2825 1219 1 2 18.085369
10 2841 1221 1 1 18.085369
10 2749 1222 2 2 18.085369
10 2812 1223 2 1 18.085369
13 3272 1035 2 3 48.227650
13 3260 1222 3 3 46.305450
13 3501 1101 2 3 45.911354
13 3531 1105 2 3 44.299927
13 3493 1140 3 3 44.299927
13 3388 1019 2 3 43.887825
13 3465 1010 2 3 42.199196
11 3146 1135 2 1 26.960075
11 3173 1092 1 2 23.348110
11 3338 1226 2 1 20.883184
11 3386 1110 2 1 20.883184
11 3354 1152 1 1 20.883184
11 3219 1182 2 2 20.883184
11 3232 1187 1 1 20.883184
11 3302 1187 1 2 20.883184
11 3316 1225 1 2 20.883184
10 3284 1117 1 1 18.085369
10 3268 1163 1 2 18.085369
10 3229 1173 1 2 18.085369
10 3316 1127 1 1 18.085369
10 3292 1135 2 1 18.085369
10 3297 1025 1 1 18.085369
10 3415 1197 1 2 18.085369
10 3363 1202 1 1 18.085369
10 3292 1206 2 2 18.085369
10 3250 1218 1 2 18.085369
10 3294 1145 2 2 18.085369
11 3711 1226 2 2 20.883184
13 3886 1407 2 3 44.708229
11 3759 1526 1 2 26.277431
11 3873 1473 2 2 26.277431
11 3646 1595 2 2 25.576574
11 3938 1519 2 1 24.113825
11 3778 1492 1 2 23.348110
11 3882 1597 2 2 20.883184
11 3792 1627 1 2 20.883184
10 3780 1516 1 2 18.085369
10 3821 1522 2 1 18.085369
10 3783 1543 2 1 18.085369
10 3704 1550 2 1 18.085369
10 3751 1553 1 2 18.085369
10 3802 1555 2 1 18.085369
10 3772 1560 1 1 18.085369
10 3669 1573 1 1 18.085369
10 3900 1389 1 2 18.085369
10 3771 1576 2 2 18.085369
10 3863 1584 2 2 18.085369
10 3755 1390 1 1 18.085369
10 3808 1598 2 2 18.085369
10 3726 1576 1 2 18.085369
10 3775 1610 2 2 18.085369
10 3788 1612 2 1 18.085369
10 3768 1627 2 1 18.085369
10 3839 1513 2 1 18.085369
10 3883 1628 1 2 18.085369
10 3717 1599 2 2 18.085369
19 3234 1326 5 4 108.679543
14 3550 1552 2 3 52.554863
13 3109 1232 2 3 45.112835
12 3336 1284 2 2 34.102100
12 3108 1240 2 2 31.324778
11 3254 1449 1 1 20.883184
11 3223 1609 2 2 20.883184
10 3236 1486 2 2 18.085369
10 3439 1546 1 2 18.085369
10 3391 1547 2 2 18.085369
10 3187 1555 1 1 18.085369
10 3396 1556 1 1 18.085369
10 3287 1566 2 2 18.085369
10 3231 1600 2 2 18.085369
10 3357 1617 1 1 18.085369
10 3323 1622 2 1 18.085369
10 3271 1627 2 1 18.085369
10 3332 1636 2 1 18.085369
10 3336 1636 2 1 17.051050
14 2970 1437 2 2 55.251713
13 2926 1361 2 2 46.305450
12 3107 1240 2 2 30.739216
11 2671 1450 2 1 25.576574
10 2935 1275 2 1 18.085369
10 2923 1440 2 2 18.085369
10 2900 1444 2 1 18.085369
10 2842 1476 1 1 18.085369
10 2806 1536 1 2 18.085369
10 2825 1559 2 1 18.085369
10 2878 1600 2 1 18.085369
10 2737 1606 2 1 18.085369
10 2741 1624 1 1 18.085369
10 2847 1628 2 1 18.085369
10 2895 1630 1 2 18.085369
11 2399 1388 2 1 25.576574
11 2566 1575 1 2 23.348110
11 2206 1342 2 1 20.883184
11 2348 1445 2 1 20.883184
11 2115 1497 2 2 20.883184
11 2404 1606 1 1 20.883184
11 2265 1620 2 2 20.883184
10 2350 1388 2 1 18.085369
10 2247 1465 2 2 18.085369
10 2318 1531 2 2 18.085369
10 2483 1538 1 2 18.085369
10 2423 1539 1 2 18.085369
10 2189 1550 1 2 18.085369
10 2230 1562 1 1 18.085369
10 2346 1575 1 1 18.085369
10 2253 1620 2 1 18.085369
10 2443 1632 2 1 18.085369
13 1856 1284 2 3 49.711926
13 1833 1630 2 3 46.696220
13 1710 1237 2 3 43.887825
13 1924 1538 2 2 43.051788
13 1852 1619 2 2 41.766369
12 1811 1362 2 2 34.102100
12 1583 1251 1 2 31.324778
11 1745 1486 2 2 26.277431
11 1829 1510 2 2 26.277431
11 1750 1533 1 1 20.883184
11 1838 1535 1 1 20.883184
10 1765 1279 2 2 18.085369
10 1996 1532 1 2 18.085369
10 1810 1534 1 1 18.085369
10 1931 1550 1 1 18.085369
10 1637 1551 2 1 18.085369
10 2047 1553 2 1 18.085369
10 1793 1575 2 2 18.085369
10 1810 1591 1 2 18.085369
10 1687 1635 2 2 18.085369
14 1268 1241 3 3 58.448051
14 1258 1400 2 3 53.920151
13 1433 1571 3 2 40.886978
12 1112 1336 2 2 33.019215
12 1178 1347 2 2 31.899591
11 1330 1632 2 1 20.883184
11 1355 1633 1 1 20.883184
10 1263 1364 1 1 18.085369
10 1475 1450 1 2 18.085369
10 1237 1485 1 1 18.085369
10 1282 1501 1 1 18.085369
10 1359 1507 1 2 18.085369
10 1433 1565 1 1 18.085369
10 1450 1567 1 1 18.085369
10 1355 1571 1 2 18.085369
10 1293 1582 1 1 18.085369
10 1245 1612 1 1 18.085369
10 1331 1630 2 1 18.085369
10 888 1482 1 1 18.085369
10 861 1506 1 2 18.085369
10 789 1532 1 2 18.085369
10 894 1580 1 1 18.085369
10 864 1580 1 2 18.085369
10 834 1583 1 1 18.085369
10 935 1601 1 1 18.085369
10 808 1620 2 1 18.085369
10 885 1622 2 1 18.085369
10 906 1623 1 1 18.085369
10 949 1633 2 1 18.085369
14 768 1964 3 3 51.507153
13 793 1720 2 3 48.975410
13 552 2044 3 2 40.440113
12 669 1911 2 2 33.019215
11 774 1885 1 2 29.533283
11 678 2008 2 1 28.911461
11 816 2043 2 1 28.911461
11 622 1929 2 1 28.275967
11 726 1962 2 2 27.625856
11 739 1936 2 2 20.883184
11 782 1965 2 2 20.883184
11 675 1988 2 2 20.883184
10 876 1808 1 1 18.085369
10 827 1830 1 2 18.085369
10 784 1932 1 2 18.085369
10 837 1963 2 1 18.085369
10 868 1971 1 1 18.085369
10 759 1986 2 2 18.085369
10 820 2009 1 2 18.085369
10 776 2013 2 1 18.085369
10 831 2014 2 2 18.085369
10 704 2024 2 1 18.085369
10 980 2025 2 1 18.085369
14 1434 1869 3 3 51.507153
12 1203 1904 2 2 37.161900
12 1336 1988 1 2 31.899591
11 1383 1987 1 1 20.883184
10 1191 1757 1 1 18.085369
10 1322 1767 1 1 18.085369
10 1120 1847 1 1 18.085369
10 1316 1886 2 2 18.085369
10 1513 1936 2 1 18.085369
10 1369 1960 1 1 18.085369
10 1245 1988 1 2 18.085369
10 1278 2035 1 1 18.085369
10 1270 2041 1 1 18.085369
15 1718 1688 3 4 62.649555
12 1794 2012 2 2 30.142281
11 2034 1638 1 1 20.883184
10 1800 1702 1 1 18.085369
10 1676 1977 1 1 18.085369
10 1679 1999 2 1 18.085369
10 1856 2001 2 1 18.085369
10 1683 2032 2 1 18.085369
15 2139 1987 3 3 67.937256
13 2219 1865 3 3 48.975410
13 2243 2019 3 3 48.975410
13 2176 1730 2 2 44.708229
12 2529 1880 2 2 33.565025
11 2311 1933 2 2 28.911461
10 2295 1935 1 2 18.085369
13 3106 1745 2 2 42.199196
12 2957 1828 2 2 36.170738
11 3094 1758 2 2 23.348110
10 2814 1662 2 1 18.085369
10 2812 1729 2 1 18.085369
10 2893 2004 1 1 18.085369
10 2816 2022 2 2 18.085369
10 2840 2025 2 2 18.085369
10 2824 2040 2 1 18.085369
15 3302 2035 2 3 63.513729
14 3138 2027 2 3 50.076118
13 3336 1636 2 3 43.051788
13 3561 1879 2 2 40.440113
12 3218 1890 3 1 35.664829
12 3383 1770 2 2 34.102100
11 3108 1744 1 3 28.911461
11 3378 1930 1 2 20.883184
11 3374 1962 2 2 20.883184
10 3413 1787 2 1 18.085369
10 3192 1838 2 1 18.085369
10 3351 1908 1 2 18.085369
10 3380 1939 2 2 18.085369
10 3591 1955 2 1 18.085369
10 3366 1960 1 2 18.085369
10 3292 1977 2 1 18.085369
10 3329 1996 2 2 18.085369
10 3314 2000 1 1 18.085369
10 3293 2006 1 2 18.085369
10 3163 2020 1 1 18.085369
14 3787 1638 3 3 58.448051
13 3982 1990 3 3 47.468113
13 3753 2018 2 3 47.468113
13 3853 1713 2 3 43.471817
11 3764 2009 2 2 29.533283
11 3755 1976 2 1 23.348110
11 3706 1959 2 1 20.883184
11 3821 1969 1 2 20.883184
11 3750 1887 1 2 20.883184
11 3758 1955 2 2 20.883184
11 3850 1994 1 2 20.883184
10 3880 1936 1 1 18.085369
10 3723 1937 1 2 18.085369
10 3818 1939 2 2 18.085369
10 3848 1963 2 2 18.085369
10 3819 1965 2 1 18.085369
10 3830 1968 2 2 18.085369
10 3842 1970 2 2 18.085369
10 3852 1974 2 2 18.085369
10 3766 1989 1 1 18.085369
10 3862 1690 2 1 18.085369
10 3798 1830 2 2 18.085369
10 3858 1995 1 1 18.085369
10 3882 2004 2 1 18.085369
10 3757 2007 1 1 18.085369
10 3920 2008 1 2 18.085369
10 3885 1859 2 1 18.085369
10 3821 2013 1 2 18.085369
10 3794 1890 1 1 18.085369
10 3694 2020 1 1 18.085369
10 3844 2021 2 1 18.085369
10 3711 2029 2 1 18.085369
10 3766 2029 2 1 18.085369
10 3746 2030 2 2 18.085369
10 3737 2034 1 2 18.085369
10 3809 2037 1 2 18.085369
10 3763 2040 1 1 18.085369
10 3731 2041 1 1 18.085369
10 3782 2044 1 1 18.085369
13 4163 1847 2 3 46.696220
10 4218 1957 2 1 18.085369
10 4180 1971 1 1 18.085369
10 4201 1981 1 2 18.085369
10 4205 1981 2 2 18.085369
10 4210 2027 2 1 18.085369
10 4178 2034 2 1 18.085369
13 4198 2178 3 3 46.696220
13 4224 2305 2 3 45.911354
11 4308 2358 1 2 25.576574
11 4164 2362 1 2 23.348110
11 4234 2424 1 2 23.348110
11 4235 2353 1 1 20.883184
11 4240 2334 1 1 20.883184
11 4209 2363 2 1 20.883184
10 4208 2335 1 1 18.085369
10 4175 2355 1 1 18.085369
10 4172 2366 2 1 18.085369
10 4219 2402 1 1 18.085369
10 4277 2318 1 1 18.085369
10 4252 2337 2 1 18.085369
10 4239 2339 1 1 18.085369
10 4210 2339 2 2 18.085369
10 4315 2439 1 1 18.085369
10 4254 2439 1 2 18.085369
14 3793 2254 3 3 50.076118
13 3696 2298 2 3 48.975410
13 3761 2420 2 3 48.602970
13 3691 2265 2 2 47.083748
13 3644 2225 2 2 43.887825
13 3908 2330 2 2 40.886978
12 3630 2182 2 2 30.142281
11 3875 2123 2 1 23.348110
11 3813 2446 2 2 23.348110
11 3859 2164 1 1 23.348110
11 3822 2389 1 2 20.883184
10 3680 2135 1 1 18.085369
10 3847 2208 2 2 18.085369
10 3698 2241 1 1 18.085369
10 3807 2305 1 1 18.085369
10 3835 2309 1 1 18.085369
10 3766 2330 2 1 18.085369
10 3721 2372 1 1 18.085369
10 3747 2386 2 1 18.085369
10 3859 2386 1 2 18.085369
10 3829 2388 2 1 18.085369
10 3768 2392 2 2 18.085369
10 3780 2406 2 1 18.085369
10 3837 2416 1 2 18.085369
10 3747 2378 2 1 18.085369
10 3723 2428 1 2 18.085369
10 3786 2430 1 2 18.085369
10 3696 2432 1 1 18.085369
10 3810 2433 2 1 18.085369
10 3655 2435 2 1 18.085369
10 3725 2436 1 1 18.085369
10 3914 2439 1 1 18.085369
10 3840 2384 1 2 18.085369
17 3124 2092 4 4 84.398392
13 3457 2118 2 2 43.051788
13 3563 2215 2 2 41.766369
12 3608 2105 3 2 39.988255
12 3536 2351 2 2 38.127304
11 3588 2057 2 2 28.275967
11 3138 2451 2 2 25.576574
11 3325 2330 1 2 20.883184
10 3389 2337 1 2 18.085369
10 3330 2365 1 2 18.085369
10 3197 2419 2 1 18.085369
10 3333 2453 1 2 18.085369
15 2868 2307 3 4 61.182148
14 2786 2159 3 3 52.207962
14 2669 2240 2 3 51.153149
13 2691 2416 2 2 40.886978
11 2888 2430 2 2 23.348110
11 2856 2378 1 1 22.556417
10 2731 2286 2 2 18.085369
10 2828 2365 1 2 18.085369
10 2809 2379 1 2 18.085369
12 2148 2306 2 2 39.531231
10 2480 2377 1 2 18.085369
14 1682 2168 3 4 54.589993
13 1694 2203 2 3 48.602970
13 1858 2360 3 2 48.602970
13 1910 2237 3 3 47.468113
13 1917 2054 2 3 46.696220
13 1757 2445 2 3 45.911354
12 1575 2187 2 2 39.988255
12 1571 2423 2 2 31.324778
10 1726 2289 1 2 18.085369
13 1202 2161 2 2 42.627625
13 1417 2326 3 2 42.627625
11 1135 2053 1 2 26.960075
11 1469 2360 2 2 20.883184
11 1253 2424 1 1 20.883184
10 1338 2222 2 1 18.085369
10 1362 2352 1 2 18.085369
10 1356 2385 1 2 18.085369
10 1281 2408 1 2 18.085369
10 1293 2414 1 1 18.085369
14 1017 2394 3 3 57.190956
14 698 2059 2 3 51.153149
14 963 2187 2 3 50.796677
13 871 2228 3 3 45.911354
13 687 2453 2 2 43.471817
13 621 2114 2 3 42.627625
13 522 2198 2 2 42.627625
13 632 2249 2 2 40.886978
13 574 2225 2 3 40.440113
12 715 2371 2 2 39.988255
12 672 2417 2 2 31.899591
12 673 2297 1 2 30.739216
11 553 2045 2 1 26.960075
11 682 2165 2 1 26.960075
11 862 2161 1 2 26.277431
11 608 2163 2 2 25.576574
11 576 2273 2 1 25.576574
11 538 2348 2 2 23.348110
11 774 2444 2 1 23.348110
10 997 2098 1 1 18.085369
10 780 2197 1 2 18.085369
10 822 2317 1 1 18.085369
10 748 2347 1 1 18.085369
10 798 2355 1 1 18.085369
10 854 2303 1 2 18.085369
10 862 2386 1 1 18.085369
10 889 2393 2 2 18.085369
10 883 2299 1 1 18.085369
10 890 2397 1 2 18.085369
10 770 2404 2 1 18.085369
10 797 2432 2 2 18.085369
10 942 2446 2 2 18.085369
10 808 2452 1 1 18.085369
10 853 2311 1 2 18.085369
13 482 2373 2 3 45.513847
13 501 2287 2 3 44.708229
10 477 2438 1 1 18.085369
13 460 2840 2 3 47.083748
13 448 2828 2 2 45.112835
13 440 2855 3 2 42.199196
12 454 2862 3 2 39.068863
12 490 2838 2 2 30.739216
11 455 2716 2 2 20.883184
10 443 2682 1 2 18.085369
10 501 2851 2 1 18.085369
10 444 2578 1 1 18.085369
15 605 2810 3 3 67.400192
14 681 2670 2 4 52.899490
14 671 2740 2 3 52.899490
14 916 2808 3 3 50.437683
13 703 2770 2 3 49.711926
13 570 2695 3 3 45.911354
13 892 2668 2 2 45.513847
13 634 2785 2 3 45.513847
13 911 2686 3 2 44.708229
13 607 2808 2 2 43.471817
13 966 2770 2 2 43.471817
13 838 2813 2 3 42.627625
13 666 2744 2 2 42.627625
13 651 2762 2 2 42.199196
13 966 2775 2 3 40.886978
12 943 2456 2 3 38.600956
12 555 2521 2 2 36.170738
12 999 2755 2 2 33.019215
12 687 2454 2 1 33.019215
12 774 2854 2 2 31.899591
11 898 2756 2 2 27.625856
11 898 2830 1 2 23.348110
11 902 2456 2 2 20.883184
11 904 2784 2 1 20.883184
11 837 2820 1 1 20.883184
11 902 2826 2 2 20.883184
10 832 2656 1 1 18.085369
10 759 2770 1 1 18.085369
10 916 2765 1 1 18.085369
10 837 2781 1 2 18.085369
10 832 2803 2 2 18.085369
10 862 2731 2 1 18.085369
10 924 2726 1 1 18.085369
10 818 2708 2 2 18.085369
10 899 2699 2 1 18.085369
10 840 2840 1 1 18.085369
10 940 2851 1 2 18.085369
10 836 2854 1 1 18.085369
10 913 2856 1 2 18.085369
10 824 2862 1 1 18.085369
13 1436 2843 2 3 48.227650
13 1297 2555 3 2 45.112835
13 1061 2514 2 3 42.199196
12 1259 2862 3 2 38.127304
12 1324 2858 2 2 32.464230
11 1094 2642 1 2 27.625856
11 1190 2673 2 2 25.576574
11 1373 2778 1 1 22.556417
10 1299 2532 1 2 18.085369
10 1210 2650 1 1 18.085369
10 1153 2658 1 1 18.085369
10 1231 2755 1 2 18.085369
10 1274 2816 1 1 18.085369
10 1257 2822 2 1 18.085369
10 1376 2826 1 1 18.085369
10 1286 2830 2 1 18.085369
10 1281 2849 2 1 18.085369
10 1209 2861 1 1 18.085369
10 1258 2863 2 1 14.766642
14 1817 2810 2 3 54.589993
13 1941 2808 3 3 43.051788
13 2061 2583 2 2 41.329014
11 1780 2767 1 2 20.883184
10 1832 2642 1 2 18.085369
12 2261 2736 2 2 39.068863
12 2293 2523 2 2 36.170738
11 2372 2845 1 1 20.883184
10 2332 2801 1 1 18.085369
10 2290 2814 1 1 18.085369
18 3007 2708 4 4 90.024048
13 2656 2667 2 3 49.711926
11 2792 2820 2 2 20.883184
10 3041 2610 2 1 18.085369
10 2603 2711 2 2 18.085369
10 2801 2775 2 1 18.085369
13 3517 2679 2 3 43.887825
11 3316 2829 2 1 24.855963
11 3281 2695 1 1 20.883184
10 3237 2648 1 2 18.085369
10 3394 2816 1 2 18.085369
10 3334 2837 1 2 18.085369
13 4025 2708 3 3 46.696220
13 3688 2620 2 3 45.112835
12 3741 2776 2 2 33.565025
11 3810 2739 2 1 24.113825
11 3918 2603 1 1 20.883184
11 3769 2718 2 2 20.883184
11 3877 2706 1 1 20.883184
11 3783 2825 2 1 20.883184
11 3765 2845 1 2 20.883184
10 3800 2690 2 1 18.085369
10 3805 2713 2 1 18.085369
10 3702 2714 2 1 18.085369
10 3747 2720 1 2 18.085369
10 3989 2738 1 2 18.085369
10 3805 2753 2 1 18.085369
10 3801 2758 2 1 18.085369
10 3821 2772 1 2 18.085369
10 3784 2783 1 2 18.085369
10 3780 2783 1 2 18.085369
10 3888 2792 2 2 18.085369
10 3744 2795 1 2 18.085369
10 3754 2810 1 1 18.085369
10 3881 2812 1 2 18.085369
10 3880 2642 1 1 18.085369
10 3683 2825 2 1 18.085369
10 3700 2827 1 1 18.085369
10 3820 2830 1 1 18.085369
10 3770 2830 1 1 18.085369
10 3767 2836 2 1 18.085369
10 3832 2841 1 1 18.085369
10 3809 2844 1 2 18.085369
10 3651 2845 1 1 18.085369
10 3750 2672 1 2 18.085369
10 3692 2851 1 1 18.085369
10 3723 2852 1 2 18.085369
10 3790 2859 1 2 18.085369
13 4294 2498 3 2 44.299927
13 4246 2533 2 3 42.199196
11 4279 2454 2 2 20.883184
11 4302 2751 2 2 20.883184
11 4276 2746 1 1 20.883184
11 4268 2758 2 2 20.883184
11 4300 2722 1 2 20.883184
11 4255 2858 2 1 20.883184
10 4232 2708 2 2 18.085369
10 4288 2776 1 2 18.085369
10 4177 2793 1 2 18.085369
10 4184 2795 1 1 18.085369
10 4200 2805 2 1 18.085369
10 4197 2818 2 2 18.085369
10 4188 2820 2 1 18.085369
10 4276 2820 1 1 18.085369
10 4205 2832 1 2 18.085369
10 4157 2835 1 1 18.085369
10 4227 2835 1 2 18.085369
10 4267 2662 2 2 18.085369
10 4242 2845 1 1 18.085369
10 4196 2850 1 1 18.085369
10 4246 2719 1 1 18.085369
10 4258 2855 1 2 18.085369
10 4225 2857 2 1 18.085369
10 4323 2843 2 2 18.085369
12 4150 2883 2 2 36.170738
11 4220 2933 1 1 25.576574
11 4204 3215 1 2 20.883184
11 4162 3239 1 1 20.883184
11 4313 2916 1 2 20.883184
11 4233 3120 2 1 20.883184
10 4163 3206 1 1 18.085369
10 4285 3050 1 1 18.085369
10 4264 3210 1 1 18.085369
10 4268 3228 1 2 18.085369
10 4194 3168 1 2 18.085369
10 4233 3218 1 2 18.085369
10 4241 2977 2 1 18.085369
10 4223 3167 1 2 18.085369
10 4151 3264 2 1 18.085369
10 4194 3268 2 2 18.085369
10 4191 3163 1 2 18.085369
12 3922 2955 2 2 32.464230
11 3901 3170 2 1 25.576574
11 3803 3110 2 1 25.576574
11 4105 3208 2 2 23.348110
11 3819 3254 2 2 23.348110
11 3822 3013 1 1 20.883184
11 3923 3175 2 2 20.883184
10 3905 3081 2 1 18.085369
10 3816 3084 1 2 18.085369
10 3755 3142 2 1 18.085369
10 3768 3160 1 1 18.085369
10 3756 3166 2 1 18.085369
10 3706 3166 2 2 18.085369
10 3738 3169 1 2 18.085369
10 3879 3171 1 1 18.085369
10 3834 3181 1 2 18.085369
10 3675 3211 1 1 18.085369
10 3803 3212 1 1 18.085369
10 3836 3212 2 1 18.085369
10 3765 3223 1 2 18.085369
10 3792 3227 1 1 18.085369
10 3825 3227 1 1 18.085369
10 3791 3228 1 2 18.085369
10 3675 3231 1 1 18.085369
10 3785 3231 2 2 18.085369
10 3771 3233 1 1 18.085369
10 3643 3239 2 1 18.085369
10 3786 3241 1 1 18.085369
10 3798 3249 1 1 18.085369
10 3865 3252 1 2 18.085369
10 3673 2968 1 2 18.085369
10 3783 3260 1 2 18.085369
10 3788 3265 2 1 18.085369
10 3866 3270 1 2 18.085369
13 3136 3043 2 3 47.083748
11 3247 3078 2 2 20.883184
10 3347 3099 1 2 18.085369
10 3409 3137 1 1 18.085369
10 3220 3170 1 1 18.085369
10 3417 3172 2 2 18.085369
10 3408 3248 1 2 18.085369
10 3191 3265 1 1 18.085369
10 3233 3270 2 1 18.085369
19 2697 2943 5 5 106.654282
17 2708 2878 4 4 83.749992
13 2998 2908 2 2 43.471817
12 2968 2891 2 2 31.899591
12 2848 2886 2 1 30.739216
10 2884 3116 2 1 18.085369
10 2937 3239 1 2 18.085369
10 2915 3265 2 2 18.085369
13 2506 2925 2 3 49.345043
11 2148 3038 2 2 20.883184
11 2417 3236 1 2 20.883184
11 2227 3243 2 2 20.883184
10 2347 3239 1 2 18.085369
14 1860 3170 3 2 51.153149
13 1852 3190 2 3 47.468113
12 1856 2976 2 2 39.068863
11 1712 3202 2 2 22.556417
10 1826 2993 1 1 18.085369
10 1814 3195 1 2 18.085369
10 1723 3236 2 1 18.085369
10 1816 3255 1 1 18.085369
10 1568 3270 1 1 18.085369
12 1259 2863 3 1 38.127304
12 1189 3168 2 2 34.630844
11 1133 2980 1 2 28.911461
11 1134 3264 2 2 23.348110
11 1392 2870 2 2 20.883184
11 1251 2985 2 2 20.883184
11 1285 3254 2 2 20.883184
11 1257 3255 1 1 20.883184
10 1258 2863 2 1 18.085369
10 1528 2912 2 1 18.085369
10 1278 2947 1 1 18.085369
10 1446 3105 2 1 18.085369
10 1404 3117 1 1 18.085369
10 1498 3131 2 2 18.085369
10 1449 3140 2 1 18.085369
10 1333 3150 1 2 18.085369
10 1405 3197 2 1 18.085369
10 1349 3203 2 1 18.085369
10 1302 3233 1 2 18.085369
10 1155 3257 2 1 18.085369
10 1408 3259 2 2 18.085369
13 567 2985 3 2 47.083748
13 832 3257 2 2 45.911354
13 694 3270 2 3 45.513847
13 620 2968 2 3 44.708229
13 683 2946 3 2 44.299927
13 605 2998 3 2 44.299927
13 738 2937 2 3 43.887825
13 646 3068 2 2 43.887825
13 590 2987 2 3 43.051788
13 543 3074 2 3 42.627625
13 545 3009 2 3 41.766369
13 555 3138 2 2 41.329014
13 533 3003 2 3 40.886978
13 604 3032 2 3 40.440113
12 542 2957 2 2 39.988255
12 700 2962 2 2 39.068863
12 672 2998 2 3 38.127304
12 902 2945 2 2 37.161900
12 832 3123 2 2 36.170738
12 664 2866 2 2 34.630844
12 675 3008 2 2 34.630844
12 546 3044 2 1 33.565025
11 669 3078 2 1 26.960075
11 940 3223 2 2 25.576574
11 800 3003 1 2 23.348110
11 855 3201 1 2 23.348110
11 754 3233 2 2 23.348110
11 676 3056 1 2 20.883184
11 928 3097 1 1 20.883184
11 874 3141 1 2 20.883184
11 867 3176 1 2 20.883184
11 644 3184 1 1 20.883184
11 846 3238 1 1 20.883184
11 973 3017 2 1 20.883184
10 785 3162 2 1 18.085369
10 838 3172 1 2 18.085369
10 866 3070 1 1 18.085369
10 790 3181 2 2 18.085369
10 886 3079 2 2 18.085369
10 810 3188 2 1 18.085369
10 812 3189 2 2 18.085369
10 819 3199 1 2 18.085369
10 875 3199 2 2 18.085369
10 783 3114 1 1 18.085369
10 873 3209 1 1 18.085369
10 847 3218 2 2 18.085369
10 861 3220 2 1 18.085369
10 665 3115 1 1 18.085369
10 852 3224 1 2 18.085369
10 649 3233 1 2 18.085369
10 965 3137 1 1 18.085369
10 676 2921 1 1 18.085369
10 847 3247 2 1 18.085369
10 972 3009 1 2 18.085369
10 768 3259 1 1 18.085369
10 774 3265 1 1 18.085369
10 898 3269 1 1 18.085369
10 819 3152 2 1 18.085369
10 875 3271 1 1 18.085369
10 628 3271 2 1 18.085369
4 492 2992 14 5 0.000879
13 475 3005 2 3 47.849388
13 488 3052 2 2 44.708229
13 486 2964 2 3 44.708229
13 487 2936 2 3 44.299927
13 487 3100 2 3 43.887825
13 480 2893 2 2 43.471817
13 471 3042 2 3 41.766369
13 516 2967 2 2 41.329014
12 486 2932 2 2 34.630844
11 492 3043 1 2 28.911461
11 455 2863 2 2 28.911461
11 471 2966 2 2 25.576574
10 473 2968 2 1 18.085369
4 817 3540 16 15 0.001148
15 812 3541 3 5 65.762695
15 636 3321 3 3 62.649555
14 813 3550 3 3 50.076118
13 864 3607 3 3 47.849388
13 809 3570 3 2 47.849388
13 729 3482 2 3 46.305450
13 1005 3284 2 3 45.112835
13 815 3553 3 2 43.887825
13 799 3574 2 3 43.471817
13 833 3543 2 2 43.051788
13 818 3539 2 3 42.199196
13 812 3547 2 2 40.886978
12 877 3624 2 3 37.161900
12 822 3549 2 2 35.664829
12 815 3539 2 2 35.151638
12 817 3543 2 2 31.899591
11 892 3437 2 2 29.533283
11 865 3620 1 2 28.275967
11 844 3595 2 2 26.960075
11 896 3411 2 1 25.576574
11 755 3628 1 1 25.576574
11 888 3567 2 2 25.576574
11 869 3293 2 1 23.348110
11 732 3516 2 1 23.348110
11 586 3284 2 1 22.556417
11 848 3578 1 1 20.883184
11 877 3566 1 2 20.883184
11 908 3613 2 1 20.883184
11 1004 3326 1 2 20.883184
11 756 3312 2 2 20.883184
11 888 3632 1 1 20.883184
10 870 3538 1 2 18.085369
10 941 3595 2 1 18.085369
10 834 3529 1 2 18.085369
10 643 3424 2 1 18.085369
10 877 3513 2 1 18.085369
10 839 3510 1 2 18.085369
10 801 3510 2 1 18.085369
10 834 3503 1 1 18.085369
10 756 3464 1 2 18.085369
10 883 3571 1 1 18.085369
10 786 3617 1 2 18.085369
10 823 3575 2 1 18.085369
10 672 3363 1 2 18.085369
10 849 3575 1 1 18.085369
10 861 3542 1 1 18.085369
10 810 3581 1 1 18.085369
10 900 3637 2 1 18.085369
10 798 3637 1 2 18.085369
10 817 3556 1 1 18.085369
10 944 3639 1 1 18.085369
10 877 3540 1 1 18.085369
10 884 3651 1 1 18.085369
10 806 3553 2 1 18.085369
10 899 3673 2 2 18.085369
16 1242 3514 3 4 76.254608
14 1213 3524 3 3 59.678673
12 1506 3405 2 2 39.988255
12 1283 3444 2 2 31.324778
11 1343 3277 2 1 28.275967
11 1489 3591 2 2 28.275967
11 1423 3430 2 1 27.625856
11 1462 3479 2 1 26.960075
11 1064 3610 2 2 25.576574
11 1321 3514 2 2 25.576574
11 1282 3403 2 2 23.348110
11 1064 3293 2 1 20.883184
11 1282 3531 2 1 20.883184
11 1292 3629 1 2 20.883184
11 1301 3373 1 2 20.883184
11 1277 3636 1 1 20.883184
11 1305 3666 1 1 20.883184
10 1086 3333 1 1 18.085369
10 1244 3348 1 1 18.085369
10 1368 3408 1 2 18.085369
10 1462 3444 1 1 18.085369
10 1266 3569 1 1 18.085369
10 1370 3569 1 2 18.085369
10 1125 3478 2 2 18.085369
10 1313 3601 1 1 18.085369
10 1414 3601 1 2 18.085369
10 1378 3475 1 2 18.085369
10 1353 3539 2 1 18.085369
10 1370 3634 1 1 18.085369
10 1268 3548 2 1 18.085369
10 1399 3651 2 2 18.085369
10 1326 3654 2 2 18.085369
10 1330 3665 1 1 18.085369
10 1248 3569 2 1 18.085369
15 1952 3289 3 4 66.586479
13 1584 3402 2 2 44.299927
12 1910 3423 2 2 37.161900
12 1920 3674 2 2 35.151638
12 1981 3482 2 2 31.899591
11 1900 3484 1 2 26.277431
11 1933 3459 2 1 25.576574
11 1590 3280 1 2 24.113825
11 1821 3602 2 1 20.883184
11 1945 3640 2 1 20.883184
10 1886 3375 2 2 18.085369
10 1788 3378 1 2 18.085369
10 1727 3465 1 1 18.085369
10 1955 3584 2 2 18.085369
10 1878 3661 1 2 18.085369
10 1838 3665 2 1 18.085369
10 1893 3675 1 2 18.085369
4 2200 3425 6 3 0.000161
16 2265 3459 3 4 71.837349
15 2354 3421 3 3 68.998833
14 2157 3527 2 3 56.551933
14 2216 3572 2 3 55.905605
13 2436 3509 2 3 48.227650
13 2198 3594 3 3 45.911354
13 2498 3509 3 2 44.299927
13 2217 3460 2 3 42.199196
13 2090 3320 2 3 41.329014
12 2107 3657 3 2 34.102100
12 2557 3352 2 2 31.899591
11 2404 3438 2 1 25.576574
11 2187 3403 2 2 20.883184
11 2276 3634 2 2 20.883184
10 2240 3545 2 2 18.085369
10 2220 3575 2 1 18.085369
10 2073 3576 1 1 18.085369
10 2251 3613 2 1 18.085369
10 2347 3636 2 2 18.085369
10 2285 3647 2 1 18.085369
16 3034 3439 3 4 78.601456
16 2611 3433 5 5 76.015938
16 2864 3425 3 4 71.583954
15 3010 3386 3 3 68.734978
13 2708 3540 2 2 45.112835
13 2785 3369 3 2 44.708229
12 2666 3305 2 2 39.531231
12 2837 3310 2 2 37.647697
12 2849 3611 2 2 35.664829
11 2712 3496 2 1 27.625856
11 2781 3625 2 2 26.960075
11 2651 3658 2 1 25.576574
10 2712 3567 1 2 18.085369
10 2721 3579 1 2 18.085369
10 2820 3584 1 1 18.085369
10 2849 3594 1 2 18.085369
10 2979 3620 2 2 18.085369
10 2825 3675 1 2 18.085369
4 3518 3427 6 5 0.000161
15 3429 3658 4 3 69.523552
12 3450 3545 2 2 31.899591
11 3271 3598 2 2 29.533283
11 3564 3553 1 2 28.911461
11 3177 3401 2 1 26.277431
11 3256 3620 2 2 20.883184
11 3518 3640 2 2 20.883184
11 3321 3642 2 2 20.883184
11 3329 3674 2 2 20.883184
10 3505 3303 2 2 18.085369
10 3329 3353 2 1 18.085369
10 3415 3367 2 1 18.085369
10 3420 3385 1 1 18.085369
10 3268 3427 2 1 18.085369
10 3253 3449 1 2 18.085369
10 3360 3485 1 1 18.085369
10 3234 3570 1 2 18.085369
10 3421 3600 1 1 18.085369
10 3393 3602 1 1 18.085369
10 3338 3625 1 1 18.085369
10 3198 3625 2 2 18.085369
10 3240 3641 2 2 18.085369
10 3241 3641 1 2 18.085369
10 3245 3659 1 2 18.085369
10 3337 3660 1 1 18.085369
10 3452 3664 1 2 18.085369
10 3374 3669 2 2 18.085369
10 3339 3670 1 1 18.085369
10 3229 3673 1 2 18.085369
10 3274 3678 1 2 18.085369
10 3374 3681 2 1 18.085369
14 3696 3587 2 4 55.251713
13 3990 3400 3 2 45.112835
12 3712 3596 2 2 31.899591
11 3774 3491 2 2 26.960075
11 3832 3407 1 2 26.277431
11 3796 3555 1 2 23.348110
11 4073 3496 2 2 23.348110
11 3887 3536 1 2 20.883184
11 3978 3578 1 1 20.883184
11 3948 3479 2 2 20.883184
11 3851 3486 1 2 20.883184
11 3787 3436 2 2 20.883184
11 3764 3579 2 2 20.883184
11 3871 3616 1 2 20.883184
11 3902 3675 1 2 20.883184
10 3674 3452 1 2 18.085369
10 3950 3466 1 2 18.085369
10 3813 3477 1 1 18.085369
10 3804 3427 1 1 18.085369
10 3758 3504 1 1 18.085369
10 3713 3509 1 2 18.085369
10 3656 3510 1 1 18.085369
10 3844 3513 1 2 18.085369
10 3765 3525 2 1 18.085369
10 3806 3536 1 1 18.085369
10 3754 3550 1 2 18.085369
10 3727 3557 2 1 18.085369
10 3785 3559 2 1 18.085369
10 3736 3564 1 1 18.085369
10 3814 3571 1 2 18.085369
10 3852 3537 2 1 18.085369
10 3795 3314 2 2 18.085369
10 3790 3585 2 1 18.085369
10 4005 3586 2 1 18.085369
10 3810 3334 2 1 18.085369
10 3891 3595 1 2 18.085369
10 3892 3400 1 1 18.085369
10 3770 3598 2 1 18.085369
10 3807 3603 2 2 18.085369
10 3736 3605 2 1 18.085369
10 3743 3608 1 1 18.085369
10 3702 3609 2 1 18.085369
10 3849 3609 2 1 18.085369
10 3642 3614 1 2 18.085369
10 3740 3426 1 2 18.085369
10 3664 3616 2 2 18.085369
10 3683 3619 1 1 18.085369
10 3703 3620 1 1 18.085369
10 3812 3631 1 2 18.085369
10 3877 3643 2 2 18.085369
10 3773 3648 1 1 18.085369
10 3801 3649 2 1 18.085369
10 3816 3650 2 2 18.085369
10 3811 3655 1 1 18.085369
10 3723 3660 1 1 18.085369
10 3789 3665 2 1 18.085369
10 3757 3667 2 1 18.085369
10 3646 3288 1 1 18.085369
10 3818 3676 2 1 18.085369
10 3717 3677 2 1 18.085369
10 4172 3373 1 2 18.085369
11 3856 3864 2 2 26.960075
11 3894 3905 2 2 23.348110
11 3791 3986 2 2 20.883184
11 3699 3997 1 2 20.883184
11 3702 4026 2 2 20.883184
11 3682 3928 2 1 20.883184
11 3632 3950 1 1 20.883184
11 3633 3722 2 1 20.883184
11 3727 4054 2 2 20.883184
11 3838 3738 1 1 20.883184
11 3748 3701 1 2 20.883184
10 3731 3745 1 1 18.085369
10 3785 3922 1 1 18.085369
10 3782 3969 2 2 18.085369
10 3712 3970 2 1 18.085369
10 3838 3914 2 2 18.085369
10 3732 3972 2 1 18.085369
10 3721 3972 2 1 18.085369
10 3685 3908 1 1 18.085369
10 3754 3979 1 2 18.085369
10 3715 3980 1 1 18.085369
10 3665 3936 2 2 18.085369
10 3701 3937 1 1 18.085369
10 3741 3902 1 1 18.085369
10 3793 4004 1 2 18.085369
10 3661 4005 2 1 18.085369
10 3826 3893 1 2 18.085369
10 3756 4024 2 1 18.085369
10 3708 3944 1 1 18.085369
10 3719 3883 1 1 18.085369
10 3708 3919 1 2 18.085369
10 3724 3861 1 1 18.085369
10 3707 3950 1 2 18.085369
10 3751 4041 1 1 18.085369
10 3693 4049 1 1 18.085369
10 3755 3955 2 1 18.085369
10 3702 4071 1 2 18.085369
10 3793 3823 2 1 18.085369
12 3307 3922 2 2 31.899591
12 3201 3692 2 2 30.142281
11 3414 3711 2 2 27.625856
11 3260 3880 2 2 25.576574
11 3127 3804 2 1 24.855963
11 3484 4046 2 2 24.855963
11 3521 3948 2 1 24.113825
11 3529 3785 1 1 23.348110
11 3317 4077 2 1 23.348110
11 3224 4085 2 1 23.348110
11 3329 3942 1 1 20.883184
11 3208 3996 2 1 20.883184
11 3302 3990 1 1 20.883184
11 3172 4038 1 1 20.883184
11 3234 4045 1 1 20.883184
11 3312 4050 1 1 20.883184
11 3238 4071 2 2 20.883184
10 3287 3921 1 1 18.085369
10 3346 3876 1 1 18.085369
10 3262 3931 1 1 18.085369
10 3315 3932 1 2 18.085369
10 3195 3935 1 2 18.085369
10 3236 3951 1 1 18.085369
10 3305 3965 1 1 18.085369
10 3244 3976 2 1 18.085369
10 3227 3987 1 2 18.085369
10 3323 3988 2 1 18.085369
10 3279 3996 2 2 18.085369
10 3359 4006 1 1 18.085369
10 3413 4007 1 1 18.085369
10 3332 4008 2 1 18.085369
10 3304 4010 1 2 18.085369
10 3249 4015 1 2 18.085369
10 3380 4024 1 2 18.085369
10 3202 4025 1 2 18.085369
10 3310 4027 1 1 18.085369
10 3268 4028 1 1 18.085369
10 3305 4029 1 2 18.085369
10 3348 4031 1 1 18.085369
10 3322 4032 1 1 18.085369
10 3325 4037 2 1 18.085369
10 3382 3764 1 1 18.085369
10 3418 4043 1 2 18.085369
10 3300 4044 1 1 18.085369
10 3180 3767 1 1 18.085369
10 3214 3795 1 2 18.085369
10 3358 3878 1 2 18.085369
10 3346 4055 1 2 18.085369
10 3255 4059 1 2 18.085369
10 3228 3889 2 2 18.085369
10 3247 4073 2 1 18.085369
10 3201 4073 2 1 18.085369
10 3224 3893 1 1 18.085369
10 3251 4079 1 2 18.085369
10 3264 4080 1 1 18.085369
10 3313 4081 2 2 18.085369
10 3259 3911 1 2 18.085369
10 3585 4088 2 1 18.085369
15 2851 3785 3 3 68.204201
13 2870 4056 2 3 46.696220
13 2816 3916 2 3 46.305450
13 2779 4087 3 2 43.051788
13 2720 3741 2 2 42.199196
12 2700 3783 2 2 33.565025
12 2615 4013 2 2 31.899591
12 2841 3994 2 2 31.324778
11 2837 3842 2 2 27.625856
11 2939 4051 1 2 23.348110
11 2869 3998 2 2 20.883184
11 2723 4029 1 1 20.883184
11 2721 4039 1 2 20.883184
11 2868 4065 1 1 20.883184
11 2906 4073 1 2 20.883184
10 2744 3964 1 1 18.085369
10 3043 3965 2 1 18.085369
10 2713 3981 1 1 18.085369
10 2783 3988 1 1 18.085369
10 2878 3991 2 2 18.085369
10 2770 4001 1 2 18.085369
10 2784 4014 2 1 18.085369
10 2930 4014 1 1 18.085369
10 2717 4019 2 1 18.085369
10 2894 3760 1 2 18.085369
10 2971 4030 1 2 18.085369
10 2792 4035 1 1 18.085369
10 2873 3875 2 2 18.085369
10 2797 4043 1 1 18.085369
10 2861 4050 2 2 18.085369
10 2895 3931 2 2 18.085369
10 2784 4013 2 2 18.085369
10 2766 4062 2 2 18.085369
10 2864 4063 1 1 18.085369
10 2803 3955 1 2 18.085369
10 2832 3961 2 1 18.085369
10 2937 4073 1 2 18.085369
10 2796 4085 2 2 18.085369
10 2733 4002 2 2 18.085369
10 2881 4088 2 1 18.085369
15 2335 3968 3 4 60.585236
12 2092 3711 2 2 34.102100
12 2353 3686 2 2 31.899591
11 2514 4082 2 2 25.576574
11 2503 4087 2 1 25.576574
11 2113 3795 2 2 23.348110
11 2108 4023 2 1 20.883184
11 2265 4026 1 2 20.883184
10 2536 3830 1 1 18.085369
10 2388 3830 2 2 18.085369
10 2200 3918 2 1 18.085369
10 2234 3951 1 2 18.085369
10 2468 3961 2 1 18.085369
10 2311 3976 1 1 18.085369
10 2185 3987 1 2 18.085369
10 2373 4006 2 1 18.085369
10 2410 4015 1 2 18.085369
10 2366 4063 2 2 18.085369
10 2238 4066 1 1 18.085369
10 2159 4068 2 1 18.085369
10 2278 4077 2 2 18.085369
10 2286 4083 2 1 18.085369
15 1737 3720 3 3 61.182148
14 1558 4017 2 3 53.241886
12 2023 3797 2 2 38.127304
12 1644 4047 2 3 37.647697
12 1859 3941 2 2 31.899591
12 1851 4028 2 2 31.324778
12 1785 3804 2 1 30.739216
11 1669 4056 2 2 28.911461
11 1937 3808 2 1 27.625856
11 1622 3883 1 1 26.960075
11 1810 3704 2 2 25.576574
11 1754 4051 1 2 25.576574
11 2006 4048 2 1 25.576574
11 1635 4050 2 1 20.883184
11 1859 4078 1 2 20.883184
10 1688 3778 2 1 18.085369
10 1909 3844 1 1 18.085369
10 1964 3863 2 2 18.085369
10 1888 3931 2 2 18.085369
10 1756 3951 1 1 18.085369
10 1730 3954 1 2 18.085369
10 1856 3962 1 1 18.085369
10 1876 4021 1 1 18.085369
10 1755 4030 2 1 18.085369
10 1855 4055 2 2 18.085369
10 1929 4039 2 2 18.085369
10 1834 4058 1 2 18.085369
10 1821 4059 2 1 18.085369
10 1784 4060 1 1 18.085369
10 1885 4061 1 1 18.085369
10 1847 4067 2 2 18.085369
10 1757 4070 1 2 18.085369
10 1727 4071 1 1 18.085369
10 1932 4073 1 1 18.085369
10 1695 4076 1 1 18.085369
10 1847 4078 2 1 18.085369
10 1831 4079 1 2 18.085369
10 1784 4080 1 1 18.085369
10 1916 4080 1 2 18.085369
10 1931 4086 2 1 18.085369
14 1162 3686 3 2 50.076118
13 1493 3785 3 2 44.299927
13 1527 3764 3 3 42.627625
12 1253 3765 3 1 38.127304
12 1288 4028 2 2 33.019215
12 1318 3981 2 2 33.019215
12 1287 4035 2 2 31.899591
12 1187 3880 2 2 31.324778
11 1107 4026 2 2 29.533283
11 1407 3712 2 2 28.911461
11 1254 3743 1 2 28.911461
11 1353 3757 2 1 28.911461
11 1464 3864 2 2 27.625856
11 1476 3990 2 1 27.625856
11 1363 3854 2 2 26.960075
11 1165 3730 2 1 26.277431
11 1473 3729 2 1 25.576574
11 1114 3766 2 2 24.113825
11 1317 4071 1 1 23.348110
11 1371 4064 1 2 23.348110
11 1255 4030 2 2 23.348110
11 1191 3943 1 2 22.556417
11 1454 3703 2 2 20.883184
11 1303 4058 1 1 20.883184
11 1372 4067 1 1 20.883184
10 1234 3853 1 2 18.085369
10 1392 3877 1 1 18.085369
10 1236 3898 2 1 18.085369
10 1287 3921 1 1 18.085369
10 1325 3926 1 2 18.085369
10 1247 3936 1 1 18.085369
10 1361 3998 2 2 18.085369
10 1333 4006 1 1 18.085369
10 1335 4006 1 1 18.085369
10 1256 4009 2 2 18.085369
10 1351 4009 1 2 18.085369
10 1286 4011 2 2 18.085369
10 1372 4014 2 1 18.085369
10 1307 4021 2 1 18.085369
10 1309 3979 2 2 18.085369
10 1217 3966 2 1 18.085369
10 1396 4029 1 1 18.085369
10 1335 3986 1 1 18.085369
10 1424 4032 1 2 18.085369
10 1169 3715 2 2 18.085369
10 1110 4039 2 1 18.085369
10 1363 4054 1 2 18.085369
10 1459 4056 1 1 18.085369
10 1074 3801 1 2 18.085369
10 1418 3924 1 1 18.085369
10 1288 4066 1 1 18.085369
10 1439 3834 1 2 18.085369
10 1413 3980 1 2 18.085369
10 1334 4074 1 1 18.085369
10 1428 4075 1 2 18.085369
10 1470 4082 1 2 18.085369
10 1383 4087 1 2 18.085369
13 871 3864 2 3 43.471817
12 995 3739 2 2 36.170738
11 1002 3903 2 1 28.911461
11 960 3862 1 2 26.960075
11 824 3701 1 2 24.113825
11 1025 4045 2 2 24.113825
11 757 3728 1 2 20.883184
11 846 3749 2 1 20.883184
11 887 3784 2 1 20.883184
11 972 3887 2 2 20.883184
10 942 3794 1 1 18.085369
10 986 3771 2 1 18.085369
10 926 3941 1 2 18.085369
10 984 3856 1 1 18.085369
10 919 3829 1 2 18.085369
10 1000 3812 1 1 18.085369
14 1382 4221 3 3 57.822922
14 1428 4092 2 3 50.796677
13 1471 4112 3 3 41.766369
12 1336 4256 2 2 33.019215
12 1172 4143 2 2 31.324778
11 1422 4310 2 2 28.275967
11 1397 4168 2 1 28.275967
11 1406 4339 2 2 26.277431
11 1529 4288 2 2 25.576574
11 1196 4090 2 2 24.113825
10 1420 4269 1 2 18.085369
10 1394 4276 2 1 18.085369
10 1389 4309 2 1 18.085369
10 1401 4317 1 1 18.085369
10 1400 4320 2 1 18.085369
10 1344 4244 2 1 18.085369
10 1392 4159 2 1 18.085369
10 1330 4189 1 2 18.085369
10 1465 4200 2 1 18.085369
10 1317 4218 1 1 18.085369
10 1374 4227 2 2 18.085369
10 1463 4255 1 2 18.085369
10 1427 4259 2 1 18.085369
18 1802 4191 5 4 93.392441
16 1880 4154 4 3 74.567886
16 1828 4307 3 4 73.833206
16 1778 4331 3 4 70.303276
13 1563 4137 2 3 47.849388
13 1720 4316 3 2 47.083748
13 1852 4406 2 3 46.696220
13 1952 4245 2 3 46.305450
13 1727 4282 2 3 44.708229
13 2018 4481 2 2 42.627625
12 1752 4389 1 2 31.899591
12 1839 4175 2 2 30.142281
11 1858 4303 2 1 29.533283
11 1768 4144 1 2 28.911461
11 1821 4289 2 2 28.275967
11 1968 4490 2 2 27.625856
11 2056 4198 2 2 25.576574
11 1835 4264 2 2 25.576574
11 1758 4430 1 2 25.576574
11 1671 4446 2 2 25.576574
11 1759 4494 2 1 25.576574
11 1814 4406 1 1 24.113825
11 1804 4355 1 2 23.348110
11 1723 4405 1 2 23.348110
11 1883 4257 1 2 20.883184
11 1993 4262 2 2 20.883184
11 1885 4375 1 2 20.883184
11 1866 4297 1 1 20.883184
11 1660 4433 1 1 20.883184
11 1720 4437 1 2 20.883184
11 1869 4384 1 1 20.883184
11 1748 4302 1 1 20.883184
11 1899 4459 1 2 20.883184
11 1972 4480 1 2 20.883184
11 1971 4391 1 1 20.883184
11 1859 4490 1 2 20.883184
11 1580 4096 2 1 20.883184
11 1837 4496 2 1 20.883184
10 2029 4347 2 2 18.085369
10 1936 4355 1 1 18.085369
10 1746 4356 2 1 18.085369
10 1808 4361 1 2 18.085369
10 1808 4370 1 1 18.085369
10 1831 4381 2 1 18.085369
10 1892 4382 1 1 18.085369
10 1875 4390 2 1 18.085369
10 1840 4351 2 2 18.085369
10 1865 4394 1 1 18.085369
10 1918 4394 1 1 18.085369
10 1849 4400 1 1 18.085369
10 1887 4401 1 1 18.085369
10 1745 4401 1 2 18.085369
10 1764 4402 1 1 18.085369
10 1860 4402 2 2 18.085369
10 1716 4403 2 2 18.085369
10 2001 4167 1 1 18.085369
10 1911 4202 1 1 18.085369
10 1610 4206 1 2 18.085369
10 2002 4410 1 1 18.085369
10 1727 4219 1 1 18.085369
10 1856 4423 1 1 18.085369
10 1864 4423 1 1 18.085369
10 1778 4423 1 2 18.085369
10 1649 4286 1 1 18.085369
10 1747 4431 2 2 18.085369
10 1854 4298 1 1 18.085369
10 1872 4435 1 2 18.085369
10 1846 4299 1 1 18.085369
10 1862 4437 1 2 18.085369
10 1827 4255 2 2 18.085369
10 1762 4439 1 2 18.085369
10 1890 4442 1 2 18.085369
10 1879 4309 1 1 18.085369
10 1900 4456 2 2 18.085369
10 1801 4457 1 1 18.085369
10 1728 4458 1 1 18.085369
10 1897 4458 1 2 18.085369
10 1819 4318 1 2 18.085369
10 1726 4478 1 2 18.085369
10 1668 4329 1 2 18.085369
10 1752 4438 2 1 18.085369
10 1813 4482 2 2 18.085369
10 1842 4485 1 1 18.085369
10 1888 4487 1 2 18.085369
10 1908 4336 2 1 18.085369
10 1945 4337 2 1 18.085369
10 2068 4492 2 2 18.085369
10 1822 4338 1 1 18.085369
10 1957 4339 1 1 18.085369
10 1821 4344 1 2 18.085369
10 1919 4496 1 1 18.085369
10 1828 4499 1 1 14.766642
14 2132 4261 2 3 57.822922
14 2377 4243 2 3 50.796677
14 2408 4326 2 3 50.076118
13 2439 4412 2 3 47.849388
12 2570 4145 2 2 39.988255
12 2298 4383 1 2 34.630844
12 2128 4217 2 2 31.324778
12 2180 4347 2 2 30.142281
11 2427 4262 2 1 29.533283
11 2198 4418 1 2 28.911461
11 2397 4299 1 1 28.911461
11 2363 4407 2 2 28.911461
11 2520 4442 1 2 28.911461
11 2258 4091 2 2 27.625856
11 2289 4366 1 2 27.625856
11 2148 4392 2 2 27.625856
11 2223 4257 1 2 26.960075
11 2333 4428 1 2 25.576574
11 2079 4479 1 2 24.113825
11 2166 4405 2 2 23.348110
11 2487 4414 2 1 23.348110
11 2306 4360 1 2 20.883184
11 2367 4416 1 2 20.883184
11 2371 4416 2 2 20.883184
11 2432 4345 1 2 20.883184
11 2411 4255 2 2 20.883184
11 2321 4494 2 2 20.883184
11 2291 4398 1 1 20.883184
11 2298 4446 1 2 20.883184
11 2218 4453 2 2 20.883184
11 2308 4457 1 1 20.883184
11 2193 4462 2 2 20.883184
11 2443 4475 2 2 20.883184
11 2460 4395 2 2 20.883184
10 2252 4358 1 2 18.085369
10 2302 4359 2 1 18.085369
10 2442 4362 2 2 18.085369
10 2324 4363 2 1 18.085369
10 2339 4367 1 1 18.085369
10 2268 4378 2 2 18.085369
10 2257 4383 2 2 18.085369
10 2352 4390 2 1 18.085369
10 2402 4272 1 1 18.085369
10 2251 4394 2 2 18.085369
10 2136 4165 1 1 18.085369
10 2310 4168 1 1 18.085369
10 2346 4399 2 1 18.085369
10 2303 4404 2 2 18.085369
10 2346 4286 1 1 18.085369
10 2237 4407 2 1 18.085369
10 2182 4288 1 1 18.085369
10 2408 4408 1 2 18.085369
10 2096 4360 2 2 18.085369
10 2244 4295 2 2 18.085369
10 2430 4299 1 2 18.085369
10 2323 4307 2 1 18.085369
10 2250 4313 1 1 18.085369
10 2375 4420 1 2 18.085369
10 2456 4425 1 2 18.085369
10 2372 4318 1 2 18.085369
10 2398 4432 1 1 18.085369
10 2322 4434 1 1 18.085369
10 2341 4436 1 2 18.085369
10 2431 4439 1 1 18.085369
10 2282 4325 1 2 18.085369
10 2235 4326 2 2 18.085369
10 2241 4333 2 1 18.085369
10 2463 4336 2 2 18.085369
10 2282 4454 2 1 18.085369
10 2407 4337 1 1 18.085369
10 2168 4462 2 1 18.085369
10 2306 4337 2 2 18.085369
10 2387 4465 1 2 18.085369
10 2306 4467 1 1 18.085369
10 2439 4440 1 2 18.085369
10 2271 4470 2 1 18.085369
10 2365 4474 2 1 18.085369
10 2197 4474 1 1 18.085369
10 2179 4343 2 2 18.085369
10 2253 4348 2 2 18.085369
10 2294 4481 1 1 18.085369
10 2377 4481 2 2 18.085369
10 2308 4485 1 2 18.085369
10 2186 4491 1 2 18.085369
10 2405 4469 1 1 18.085369
17 2619 4379 3 4 87.568382
13 2781 4122 2 2 47.849388
13 2755 4304 2 3 42.199196
13 2677 4473 2 3 41.766369
13 2799 4177 3 3 41.329014
12 2871 4461 2 2 31.324778
12 2763 4466 2 2 30.142281
11 2764 4378 2 3 29.533283
11 2830 4421 2 1 28.275967
11 2724 4390 2 2 27.625856
11 2953 4404 2 2 27.625856
11 2963 4374 1 2 27.625856
11 2709 4240 2 2 27.625856
11 2734 4447 2 2 27.625856
11 2980 4481 1 1 26.277431
11 2672 4301 2 2 25.576574
11 2859 4467 2 2 25.576574
11 2930 4482 2 2 25.576574
11 2701 4469 1 2 24.113825
11 2747 4426 1 2 23.348110
11 2826 4332 2 2 20.883184
11 3071 4228 2 2 20.883184
11 2811 4413 1 1 20.883184
11 2819 4414 2 1 20.883184
11 2911 4426 2 1 20.883184
11 2720 4445 1 1 20.883184
11 2811 4455 2 2 20.883184
11 2742 4459 2 2 20.883184
11 2730 4463 2 2 20.883184
11 2730 4467 2 1 20.883184
11 2691 4472 1 2 20.883184
11 2767 4492 1 1 20.883184
10 2690 4334 1 1 18.085369
10 2868 4346 1 1 18.085369
10 2923 4349 2 2 18.085369
10 2940 4352 2 2 18.085369
10 2727 4355 1 2 18.085369
10 2753 4361 2 1 18.085369
10 2812 4364 1 1 18.085369
10 2836 4367 1 1 18.085369
10 2821 4368 1 1 18.085369
10 2758 4369 2 1 18.085369
10 2837 4372 2 1 18.085369
10 2823 4385 2 2 18.085369
10 2798 4386 1 1 18.085369
10 2869 4388 1 1 18.085369
10 2868 4389 1 1 18.085369
10 2827 4394 2 1 18.085369
10 2722 4399 2 1 18.085369
10 2714 4400 2 1 18.085369
10 2848 4400 1 1 18.085369
10 2789 4400 2 2 18.085369
10 2802 4401 1 1 18.085369
10 3046 4403 1 2 18.085369
10 2730 4405 2 1 18.085369
10 2853 4409 2 1 18.085369
10 2781 4409 1 1 18.085369
10 2713 4410 2 2 18.085369
10 2829 4412 1 2 18.085369
10 2929 4158 2 1 18.085369
10 2777 4413 2 1 18.085369
10 2847 4170 1 2 18.085369
10 2736 4421 1 1 18.085369
10 2822 4421 1 1 18.085369
10 2777 4173 1 1 18.085369
10 2768 4421 1 1 18.085369
10 2766 4422 1 1 18.085369
10 3094 4423 2 1 18.085369
10 2694 4191 1 1 18.085369
10 2708 4201 1 2 18.085369
10 2922 4426 1 2 18.085369
10 2883 4429 2 2 18.085369
10 2764 4430 2 2 18.085369
10 2870 4434 1 2 18.085369
10 2856 4443 1 1 18.085369
10 2832 4221 1 2 18.085369
10 2868 4445 1 1 18.085369
10 2767 4445 1 2 18.085369
10 2773 4447 2 1 18.085369
10 2835 4235 2 1 18.085369
10 3040 4449 2 1 18.085369
10 2662 4450 2 1 18.085369
10 2871 4254 2 2 18.085369
10 2799 4459 1 1 18.085369
10 2803 4275 1 1 18.085369
10 2720 4278 1 2 18.085369
10 2749 4288 1 1 18.085369
10 2872 4464 1 2 18.085369
10 2738 4465 1 2 18.085369
10 2693 4291 2 1 18.085369
10 2741 4303 1 2 18.085369
10 2857 4313 2 1 18.085369
10 2885 4319 1 1 18.085369
10 2733 4471 2 2 18.085369
10 3098 4319 1 1 18.085369
10 2724 4472 2 1 18.085369
10 2729 4473 1 1 18.085369
10 2875 4324 1 2 18.085369
10 2762 4476 2 2 18.085369
10 2845 4480 1 1 18.085369
10 2900 4332 1 1 18.085369
10 2966 4333 1 1 18.085369
10 2856 4490 1 1 18.085369
10 2784 4333 1 2 18.085369
10 2703 4492 1 2 18.085369
10 2856 4496 1 1 18.085369
10 2894 4496 1 1 18.085369
10 2684 4496 2 1 18.085369
10 2748 4497 1 1 18.085369
12 3239 4363 2 2 31.899591
12 3143 4450 1 2 30.739216
12 3161 4322 2 2 30.142281
11 3300 4336 2 2 29.533283
11 3367 4323 1 2 28.911461
11 3453 4247 2 2 28.911461
11 3217 4379 2 1 26.960075
11 3384 4236 2 1 25.576574
11 3475 4187 1 2 24.113825
11 3254 4096 1 1 23.348110
11 3235 4355 2 2 23.348110
11 3527 4206 1 1 23.348110
11 3298 4218 2 2 20.883184
11 3359 4231 1 1 20.883184
11 3284 4235 1 1 20.883184
11 3482 4256 2 1 20.883184
11 3221 4266 2 1 20.883184
11 3331 4273 2 1 20.883184
11 3312 4301 2 2 20.883184
11 3226 4370 1 2 20.883184
11 3258 4250 1 1 20.883184
11 3383 4155 1 1 20.883184
10 3237 4383 2 1 18.085369
10 3277 4365 2 1 18.085369
10 3316 4361 1 1 18.085369
10 3322 4360 1 2 18.085369
10 3217 4411 1 2 18.085369
10 3241 4354 2 1 18.085369
10 3232 4418 2 2 18.085369
10 3169 4420 1 1 18.085369
10 3209 4347 1 1 18.085369
10 3293 4347 2 1 18.085369
10 3370 4346 2 2 18.085369
10 3238 4345 1 1 18.085369
10 3195 4430 1 1 18.085369
10 3216 4344 1 1 18.085369
10 3199 4338 1 2 18.085369
10 3240 4372 2 1 18.085369
10 3301 4335 1 2 18.085369
10 3379 4335 2 1 18.085369
10 3340 4332 2 2 18.085369
10 3142 4441 1 2 18.085369
10 3207 4332 2 1 18.085369
10 3244 4328 2 2 18.085369
10 3295 4370 2 1 18.085369
10 3277 4316 2 1 18.085369
10 3254 4296 1 1 18.085369
10 3165 4294 2 2 18.085369
10 3173 4293 1 1 18.085369
10 3170 4355 2 1 18.085369
10 3231 4282 1 1 18.085369
10 3208 4271 1 1 18.085369
10 3334 4221 2 1 18.085369
10 3139 4194 1 2 18.085369
10 3290 4191 1 2 18.085369
10 3301 4188 1 1 18.085369
10 3221 4174 1 1 18.085369
10 3285 4380 1 2 18.085369
10 3349 4157 2 1 18.085369
10 3286 4107 2 1 18.085369
10 3634 4164 1 2 18.085369
13 2760 4565 3 3 46.696220
13 2738 4556 2 3 44.299927
11 2703 4508 1 1 25.576574
11 2695 4538 1 2 24.113825
11 2741 4573 2 2 24.113825
11 2608 4593 2 1 24.113825
11 2758 4569 1 2 23.348110
11 2627 4563 2 1 23.348110
11 2901 4518 1 1 23.348110
11 2637 4579 2 2 20.883184
10 2862 4500 2 2 18.085369
10 2749 4508 1 1 18.085369
13 2365 4588 2 3 45.112835
13 2309 4543 2 3 45.112835
13 2333 4595 2 3 43.471817
13 2267 4502 2 3 42.627625
13 2307 4575 2 2 42.627625
12 2294 4583 2 3 36.170738
12 2504 4596 2 2 35.151638
11 2288 4546 2 2 28.911461
11 2307 4570 1 2 27.625856
11 2172 4541 2 2 26.277431
11 2380 4538 1 2 25.576574
11 2436 4555 1 2 25.576574
11 2219 4595 1 1 24.113825
11 2092 4569 1 2 24.113825
11 2145 4538 1 1 24.113825
11 2419 4524 1 1 23.348110
11 2360 4604 1 2 23.348110
11 2411 4552 2 2 20.883184
10 2335 4605 1 1 18.085369
10 2262 4565 1 1 18.085369
10 2313 4557 2 1 18.085369
10 2226 4556 1 1 18.085369
10 2318 4548 2 1 18.085369
10 2353 4606 1 1 18.085369
10 2338 4606 2 1 18.085369
13 1919 4534 3 3 47.468113
13 2030 4519 2 3 43.051788
13 1845 4509 2 3 42.627625
11 2003 4502 2 2 23.348110
11 2045 4572 2 2 23.348110
10 1863 4520 1 1 18.085369
10 1804 4514 1 1 18.085369
10 1861 4506 1 1 18.085369
10 1932 4538 1 2 18.085369
